time,x,y,z,phi,theta,psi,x_velocity,y_velocity,z_velocity,phi_velocity,theta_velocity,psi_velocity,rotor_speed1,rotor_speed2,rotor_speed3,rotor_speed4
0.06,-8.942227220871978e-08,-9.693791091999166e-08,10.004263386311406,6.2829559282895815,9.592586289119964e-05,0.0,-8.364980660565795e-06,-1.4157966955662621e-05,0.14210503352352416,-0.01284419174493254,0.004618762595852397,0.0,449.7886422849053,450.16244309156167,450.66597065667185,449.62685156932355
0.12000000000000001,-3.746274120134635e-06,-8.233599317439853e-06,10.015454239482104,6.282452151965931,6.2830882866595505,0.0,-0.00012635936288002804,-0.0003197775864242769,0.23090892570208021,-0.0007244099625292955,-0.027461765064531598,0.0,434.0407927549185,431.340548538063,433.52576172520656,434.54285331875093
0.18,-2.4097596222792914e-06,-4.472226073692797e-05,10.035659163978764,6.282782875382658,6.281953717792966,0.0,0.0003311342520606444,-0.0008767702389696596,0.44252992770184063,0.01572948641289044,-0.0057385965660363865,0.0,470.52409829008053,472.2025847459844,470.1357657475995,471.4086298868129
0.23999999999999996,4.537979690416465e-05,-0.00010229685146836477,10.066301524108262,0.0005200961353128974,6.28184339075278,0.0,0.0012851537062550874,-0.0009421553719703561,0.5788223358392821,0.014657886045546312,0.0050003147561233485,0.0,447.9635982924105,448.83589914385004,448.6321627355779,448.5450569878403
0.3,0.00015016796969555276,-0.00014420284002616079,10.10481752630023,0.0013706330894365237,6.281899907765592,0.0,0.002187150484667226,-0.0003631540520481938,0.7049745072901492,0.01319323223699385,-0.00875133879674743,0.0,446.9146389093623,445.7925297208924,444.6799001825819,444.5598112319729
0.36000000000000004,0.00031682566604500915,-0.00012365075288178586,10.157026852682637,0.0025093479836568733,6.282629409377158,0.0,0.0033304421748419693,0.0011818647174966558,1.0350970035663478,0.02857658359099202,0.03673596699847948,0.0,503.9694721424634,507.2461538633737,504.26019339679203,505.3699915825814
0.4200000000000001,0.0005195534096315265,1.4873914860465557e-06,10.220577825177953,0.004462358618979145,0.0013820963535131625,0.0,0.0032299611184453472,0.0031631885682166273,1.0832235484770185,0.039501334647866766,0.02149367611682616,0.0,422.0722607951699,420.75531678133575,420.54950968058847,421.49506693870353
0.48000000000000015,0.0006827210848200414,0.000283933478813867,10.286833192661033,0.0066762391419050715,0.0026102024120477907,0.0,0.0020913444501678272,0.006466145663717984,1.1252467037395386,0.03110523933682715,0.01833500438224971,0.0,419.6333019078409,419.359059384184,419.47742456520785,418.74848278977856
0.5400000000000001,0.0007486821512855446,0.0008196720777947065,10.357747187170588,0.008294321702669194,0.0032104628654741063,0.0,8.394483534415959e-06,0.011573808090057891,1.2384353937885197,0.01704836274405169,-0.017151838427946604,0.0,443.73307257487,440.81057733390844,442.9993303328629,441.84225236658625
0.6000000000000002,0.0006839899223563378,0.0016973383062072762,10.43600025004107,0.009235592470509424,0.0021041863402135874,0.0,-0.0020506221756509606,0.017785368363843132,1.3698509525717035,0.012817796526111183,-0.021142681899241983,0.0,448.28477392182623,447.9604612170666,448.63633977332245,448.29264760786157
0.6600000000000003,0.0005188097733675191,0.002976887708040907,10.523081950995051,0.010668793204452243,0.0004601583624292971,0.0,-0.0032979600282875866,0.024993694755331263,1.532667247501956,0.03990729152590622,-0.044434349260434526,0.0,459.44094736804357,457.59046661481096,456.89912470889726,459.05362871018673
0.7200000000000003,0.00032172414417237175,0.004709457644880954,10.618353817401509,0.012767728373397347,6.280757576623092,0.0,-0.0029854328956965648,0.03299205533027355,1.6429065943270298,0.02265397865766201,-0.05679645232145841,0.0,443.0741103191628,442.0552188307715,443.0725933532843,441.6524840458454
0.7800000000000004,0.0001906423113600388,0.0068939531805614785,10.715017936809442,0.01398609799846362,6.27752691610101,0.0,-0.0011259096914624774,0.03992622080405473,1.5793188526620026,0.015140578360109614,-0.048513979755047475,0.0,384.73054867678997,385.51146016324645,383.9250292648888,383.2115920114173
0.8400000000000004,0.0002559765581068345,0.009597131159738315,10.813850484232939,0.01490355014987621,6.2757202274884385,0.0,0.0035404413943409254,0.05027481307273388,1.7149026345285991,0.015589756729275811,-0.007399256492013492,0.0,448.87613542625684,452.19942486596665,450.4583448235365,450.49455926675483
0.9000000000000005,0.0006433180820884161,0.012963391877361705,10.922253639222056,0.016223561083979376,6.275213252408584,0.0,0.009423051292475443,0.06206109359199339,1.8982469427333268,0.03245084675933973,-0.010637679223406582,0.0,465.50536207846983,465.25202122240046,464.8310539637741,466.1504070028657
0.9600000000000005,0.001371317684032037,0.017020429861066822,11.038597683126344,0.018039257844328027,6.274668749359705,0.0,0.014901027650919968,0.07335826042480754,1.9797460068410604,0.025478902706545518,-0.0061198546205161915,0.0,434.0311820630515,434.4102781426032,435.2056972790002,434.62210433358
1.0200000000000005,0.002461643846611672,0.021840513963602367,11.162574776833424,0.01947848806792507,6.274203541169401,0.0,0.02148720479717587,0.08747292655750419,2.1525106109057153,0.02082346294412941,-0.011239184216988052,0.0,463.8002224053117,463.39811755274957,462.9286835065913,462.5622800355661
1.0800000000000005,0.003922568276877212,0.02746085198776999,11.29294455821219,0.02062062033760803,6.273793924460888,0.0,0.027258961389242803,0.09998164745779356,2.1930683713500545,0.015196091874100008,0.0007915733103069679,0.0,421.68404729548615,422.7220914952405,422.58936877545796,422.1040090936603
1.1400000000000006,0.005728159048231055,0.03383660195582103,11.425004859685252,0.021377811846074124,6.273376961677661,0.0,0.03293623289106636,0.11261769417315518,2.2089087812884847,0.006893005764840291,-0.030690825268183466,0.0,415.03836521440763,412.2661045171812,415.1592738261988,414.4300280603778
1.2000000000000006,0.007889030930281725,0.04098376375014308,11.558067731711226,0.021856600353932443,6.271370198498371,0.0,0.039264692081350784,0.12566006416720898,2.226482719199203,0.010069373258696378,-0.03961960638858014,0.0,415.06669755232707,414.28182864882496,414.9518803013092,415.2305060196325
1.2600000000000007,0.010483516989642892,0.04895153501251714,11.693486926187047,0.02269637197098273,6.26928135328234,0.0,0.04743019889451327,0.1399996175693347,2.287365206536445,0.020876351119643474,-0.026614444037447175,0.0,428.7175446747681,429.82049110945286,428.79107190616486,429.70803850631677
1.3200000000000007,0.013666767938496248,0.05789664278222928,11.83685566253627,0.023550537808044503,6.2679976419818075,0.0,0.05883925007062926,0.15829031485309017,2.491164489080288,-0.004345244272775691,-0.012595380909564946,0.0,473.90069474109544,474.97701638082634,473.78633281330843,471.8432015869031
1.3800000000000008,0.017575886360601405,0.06797438340352752,11.993366802780915,0.02342545440505539,6.267145277554974,0.0,0.07155422243225093,0.17759820877369,2.7253430965054166,0.0020914041786142105,-0.017639379010077276,0.0,483.134842238309,482.75453035844095,483.50139085344614,483.9861094481869
1.4400000000000008,0.02218142111835793,0.07908076497822841,12.15846309738844,0.02346681325168376,6.265652934471831,0.0,0.08207617657725605,0.19261891003804282,2.7777372951184125,-0.002273905977709613,-0.04607260038120902,0.0,430.96071106717676,428.55040226205205,428.23641365228457,427.86491628152237
1.5000000000000009,0.027480222473072344,0.0911232591358137,12.328202162865185,0.023248526988893126,6.262843098201007,0.0,0.09483109160045879,0.2087727432563724,2.879972934582782,-0.006516680503555276,-0.04839089865857707,0.0,445.3774387803626,445.186482460034,445.07712830248465,444.7298193827352
1.560000000000001,0.033567199384906835,0.10409002619413853,12.502381407185263,0.02258593303919465,6.260410512274554,0.0,0.10831323757807718,0.22340147868842308,2.9258795611819726,-0.022126831756800087,-0.02823633280469199,0.0,426.2054636869474,427.9235379788986,428.89584633199615,427.56808206311825
1.620000000000001,0.04059492352766556,0.11800465420217658,12.6831764395593,0.021051637864475836,6.258641775179139,0.0,0.12612898574858947,0.2402475934654971,3.1001626496077974,-0.033546882212003346,-0.03208734722004883,0.0,468.09870815000255,467.79871401950635,468.2986417796687,467.4093825300832
1.680000000000001,0.048569531383984864,0.13275626810545635,12.867872427864,0.01907367314827546,6.256929971878339,0.0,0.13984021894323717,0.25131279374306126,3.056487210499642,-0.031829293546533396,-0.02222683668413307,0.0,399.1726202642056,400.07112370145063,397.73202158788956,397.8887435322099
1.740000000000001,0.05749249360574395,0.14820969361524353,13.053699901178359,0.01711637335599203,6.255718564214051,0.0,0.15771166457457225,0.2636041448180724,3.1375418197765366,-0.03425512010092874,-0.016399988787329102,0.0,439.26951974363124,439.75247386435507,440.5176160081702,440.31655769610876
1.8000000000000012,0.0675186372333985,0.16436519856304171,13.244675965941797,0.014719289150730397,6.254830424224572,0.0,0.17657972105247785,0.27468664585106833,3.2280756541800617,-0.05488774837469643,-0.011784654903901265,0.0,442.9729480881275,443.3524269154757,444.5435428504725,442.84867038029483
1.8600000000000012,0.07886301142856116,0.1812156875953006,13.447022064953082,0.011019111915623547,6.254215723286267,0.0,0.20162715645222162,0.2865362672775667,3.515957792406875,-0.08083644913971613,-0.007330999064070411,0.0,502.7794529079388,503.1021585651718,502.40626383188527,500.5188270865267
1.9200000000000013,0.0916118565705186,0.19863228616475692,13.66275173918777,0.006105615685747523,6.253959034887888,0.0,0.22335716855120202,0.29346966659379065,3.674540603558663,-0.08408868112431209,0.0012187481758926142,0.0,465.3478520480066,466.0167355924388,467.6312637506697,467.3727694994756
1.9800000000000013,0.10568924338104264,0.21635787654341004,13.888724908394982,0.0015593210676927427,6.254215837442818,0.0,0.24585123559675243,0.29683456815081777,3.857304965089359,-0.06289041395409847,0.00979066763072132,0.0,474.1132069476554,474.7712974337269,474.27860217150095,475.8997003689823
2.0400000000000014,0.12094484506949767,0.2341797606817568,14.12002434760856,6.2812309669328314,6.255255750512854,0.0,0.2625950661374281,0.2969123152340917,3.8526964892231805,-0.05107002202687109,0.029256077012776917,0.0,416.1711481293661,417.87155031293776,417.11877131266533,418.14716672150325
2.1000000000000014,0.13722170887707683,0.251943069084781,14.35245188573559,6.278278269091416,6.257337717589921,0.0,0.2797807793063947,0.2949162647887253,3.894752316409357,-0.045733413967548944,0.04381724178938818,0.0,432.1761900620788,433.40238469694617,432.23887283102914,432.68682723083657
2.1600000000000015,0.15449843575918376,0.2695296684138597,14.587850054138682,6.276015790156368,6.260115872479172,0.0,0.2958444528007674,0.29106794823864,3.951666214414344,-0.025180713784284853,0.050858590583387805,0.0,437.0087083383599,437.5965851751706,437.2203754274226,438.9286913207628
2.2200000000000015,0.17280346971650504,0.2868055067589978,14.832015932785756,6.2740825232820505,6.262652156265421,0.0,0.31394791264478794,0.2845969259417749,4.186376197432974,-0.05253251387767899,0.013427008221100729,0.0,493.28975434889907,490.5183711672949,492.21833819719643,490.1894558352576
2.2800000000000016,0.1921131710399899,0.3036511921910864,15.088850068047714,6.270754317359968,6.263677216835299,0.0,0.32958698768374406,0.2765601857693907,4.374064505611559,-0.06210658653763166,0.0235454732843609,0.0,478.53412368285353,479.3036945378605,480.7281713855974,480.0002511625872
2.3400000000000016,0.21225587315534106,0.3199884053273783,15.352851181267056,6.267256230127877,6.264985894872389,0.0,0.34170166008313896,0.2676733422269941,4.4257760894518245,-0.05161199662184796,0.01809583363879163,0.0,439.17001531227737,438.7177353777949,440.031585709714,440.8971495539936
2.4000000000000017,0.23315785215774001,0.3356776004611583,15.62311895252316,6.265666077042969,6.266251135026383,0.0,0.35488790889405925,0.2550765463525737,4.58253569003722,0.0008092367389472936,0.0264835638032514,0.0,472.67542230518154,473.32140490643224,469.65074767756084,473.6989087795085
2.4600000000000017,0.2547754865799614,0.3506333392176441,15.900088332687822,6.2659284034547795,6.267716376276601,0.0,0.3655448838156402,0.24347012499402912,4.64950978088044,0.010685403110471597,0.019938485545348616,0.0,447.01791719601925,446.48426937286786,445.33564722016354,446.1427704938293
2.520000000000002,0.2769972077642825,0.36490820109769473,16.180604259712652,6.266542174484261,6.269196704479885,0.0,0.3750459903673317,0.23242333363520787,4.700814001839258,0.009301790068542256,0.03276697592034322,0.0,442.2132816454624,443.2689705054168,441.05834569434495,440.94392153063944
2.580000000000002,0.2997701606927845,0.3785168964097927,16.465119404352237,6.267141330816038,6.271269335951368,0.0,0.38384490527287235,0.2212644208579107,4.78268952546859,0.011320291631158592,0.037879115441835955,0.0,452.17943478966765,452.5915949851028,451.2924462709184,451.45523671531316
2.640000000000002,0.3230202539001852,0.3914791368212527,16.753896010430648,6.267677048988077,6.273630990851672,0.0,0.3909300993864402,0.2108745389848108,4.842948849370104,0.0036556923113148345,0.04217032658562323,0.0,445.3000223839797,445.65173229484043,446.5133324298407,445.887416909088
2.700000000000002,0.34669894575755245,0.40374065320933517,17.051871108527575,6.267764698410783,6.275848708019076,0.0,0.39805105793055157,0.19787957445960483,5.088500351580776,-0.0033367836795902984,0.023707158769915693,0.0,501.5107035289551,500.16816179692375,501.65939874249676,501.1513235590262
2.760000000000002,0.37073289501645257,0.41527062309474255,17.361592900060742,6.268478187228608,6.277120602580419,0.0,0.40292715271461144,0.186503263289026,5.234903156976685,0.03196394889222391,0.01563833925703177,0.0,474.90397749904156,474.28455474835,473.49389805719574,476.20221226369534
2.820000000000002,0.3950305048700595,0.426147111259061,17.67968721166625,6.270179406929433,6.27805337407602,0.0,0.4068884177881498,0.17625154415824892,5.3676289152151275,0.019926869580219813,0.015361264056733461,0.0,471.3707949034661,471.3492653317174,473.06990557546453,472.14216521005284
2.880000000000002,0.4195325011549101,0.4364751674479878,18.003220437921524,6.271366872758199,6.279328042707135,0.0,0.4097366989274007,0.16813380038658543,5.416583177862098,0.019518182664446798,0.030977704901009033,0.0,446.9580254431158,448.22915254960554,447.83766026771167,447.80437398772716
2.940000000000002,0.4441777883636136,0.4463348357333224,18.33004823629144,6.272359967873452,6.282060430952814,0.0,0.41153949166684367,0.16063111565253932,5.477391952392884,0.009837796421241472,0.06500742695207833,0.0,451.004048266657,453.74571309465404,451.762084103465,450.9806382786577
3.000000000000002,0.4688710312596224,0.4557676232456121,18.65998608112875,6.272871271226833,0.0027297892729158946,0.0,0.4112022530878582,0.15384974230066603,5.5203368347401645,0.0057502914380772934,0.06267378220790609,0.0,446.9726827159709,446.7854203665721,447.0733293293258,446.7399866549876
3.0600000000000023,0.4934814685445402,0.46483497059259005,18.98938103629904,6.273681178035927,0.006391024571477111,0.0,0.4088508434178237,0.148440716728699,5.459792446987265,0.025683410406298342,0.057492010353058676,0.0,413.61147046038434,413.1577226506212,412.9615714045803,414.71639126719
3.1200000000000023,0.5178737371886438,0.4735689063060038,19.31785546884208,6.2748042263664345,0.010173065604999643,0.0,0.40389026843927833,0.14282024508387464,5.4892190031165775,-0.0012654187172806645,0.07228890077283792,0.0,441.21626033510415,442.4392632422792,444.1391849919016,441.9230007463742
3.1800000000000024,0.5418509059172498,0.4819501500863165,19.651977548177634,6.27413028217839,0.015400210766237876,0.0,0.39481367209150436,0.13655703699316266,5.64742002930775,-0.0647858140147886,0.10682501794919172,0.0,479.8470449362018,482.4672814909696,484.7723341975142,479.9745585412427
3.2400000000000024,0.5651894598354298,0.4899412580956168,19.993703704935374,6.269981477253776,0.02175767904954462,0.0,0.38249386516795586,0.12941141202739817,5.74297924708768,-0.07972263519488029,0.10416595893157553,0.0,464.409194921882,464.2098435893944,465.74079058231473,464.5673927393054
3.3000000000000025,0.5876143090055352,0.4973887929980937,20.343052198018924,6.2646420279506,0.028154279127501347,0.0,0.3643149526628458,0.11830754140549388,5.901162927011333,-0.12341191209601622,0.11109416433789705,0.0,483.9020224407206,484.4322752078462,485.8574980261835,482.5633806365061
3.3600000000000025,0.6088456953432347,0.5040677786526173,20.700413272054302,6.257175663822478,0.034438181770629406,0.0,0.3427355671654841,0.10356555772224378,6.010292493644087,-0.1265756598490445,0.08730299280959283,0.0,473.0191464752678,471.19174832653846,470.78638265973024,470.5283554982531
3.4200000000000026,0.6288092378224515,0.5098236071137049,21.059972041774945,6.24951991342018,0.039730268891699616,0.0,0.32227428338132974,0.08766169200447795,5.97516901138508,-0.12971620255344915,0.08993923581610135,0.0,427.01498760959004,427.2466673983013,428.06580756900826,427.7828557490195
3.4800000000000026,0.6475446479170831,0.514574474883867,21.415238323987957,6.242653444748932,0.04567547513138237,0.0,0.3018057750706514,0.07016330100325886,5.867579884154316,-0.09434169830542423,0.11295533570083433,0.0,400.7115969960718,402.80824095222454,401.9080621232607,405.08820596016864
3.5400000000000027,0.6646700655592522,0.5179223619343004,21.77025738937866,6.236837826776135,0.05193255493945337,0.0,0.26838634973494674,0.04087065545835117,5.965841595223961,-0.10267144355854133,0.07488662280993649,0.0,469.5189804268206,466.56386611401183,468.1975347914218,467.5413395646355
3.6000000000000028,0.6797524201543758,0.5194658074672175,22.129593787556036,6.231024778271232,0.0568207252185271,0.0,0.2339282022754499,0.01002800569024785,6.011755570105537,-0.08728924140501533,0.09214577796393035,0.0,452.03635839216975,453.4304285996245,452.8344762575562,454.06245433405365
3.660000000000003,0.6928255854773998,0.5191929114127523,22.489007770016677,6.225884886678207,0.06197260162854601,0.0,0.20139496033927706,-0.019554817077253712,5.968891120929777,-0.08260133512736421,0.06875197428222339,0.0,425.9571433404061,423.95764143626747,425.34916610439586,425.74413148446297
3.720000000000003,0.703791513945338,0.5169921022138952,22.847039467763537,6.2206745217535175,0.06591129584941058,0.0,0.16378715240530872,-0.054243699592494365,5.965465539478089,-0.09704824865393608,0.0585701712992751,0.0,438.5530090145568,437.7095338427896,437.9484753459392,436.7384443481747
3.780000000000003,0.712070727424904,0.5122696641644001,23.210295886888606,6.214611178613204,0.06893998698198889,0.0,0.11187133517871013,-0.10378066673241615,6.142077560014525,-0.11059201519690529,0.02479514657653179,0.0,493.8341105620827,491.33721623377363,492.6398588475056,491.6293625289665
3.840000000000003,0.7174682880869828,0.5047278165043692,23.57991172028542,6.2078836938657584,0.0707891824710849,0.0,0.06791160030190631,-0.148216880446464,6.178186727721129,-0.11537821910195362,0.04074710603132381,0.0,451.5236571790369,452.80931337963455,452.89595909380773,452.49983267172064
3.900000000000003,0.720330425439864,0.4945417889230845,23.94974144368651,6.200702182838111,0.0735001471999368,0.0,0.027272769634124693,-0.19191018721006203,6.14954754874745,-0.13012064459251732,0.052834097148209684,0.0,431.7314249202358,432.7514991547333,433.08675624273394,431.83119107105904
3.960000000000003,0.7205944644649367,0.4814835413772527,24.31935668338646,6.192788881676597,0.07624053990683066,0.0,-0.018730587446187413,-0.24406135434954998,6.170745940041167,-0.1356770412671542,0.02481434283626395,0.0,449.90771475342024,447.6339676073833,447.848373988388,447.3802296291231
4.020000000000002,0.718247804143621,0.46538188682346887,24.687722291193257,6.184979682909651,0.07756465211524066,0.0,-0.05961926484672065,-0.2933078781840177,6.1083475214922816,-0.12092897139203017,0.015917993238043344,0.0,422.5951787339084,421.8275007109312,420.12833875749817,421.3886870467763
4.080000000000001,0.7132006475988097,0.44591269952545365,25.05525669117178,6.17763219899226,0.07817226424557244,0.0,-0.1086713810844064,-0.3563140591088527,6.14250552458559,-0.12570300899497938,-0.005156863510134602,0.0,453.57606031414815,451.87992833953604,451.96010977170414,451.56176390859116
4.14,0.7051009129430271,0.4223838541192456,25.42614382102501,6.170113426953776,0.07785498931155299,0.0,-0.16124542319376314,-0.4286719378034839,6.219858004700485,-0.12454455517114632,-0.005551329800303602,0.0,466.1887945573997,466.1580595534634,466.13293040123955,466.20999145962685
4.199999999999998,0.6941203069849945,0.39475339409109744,25.79826952583711,6.162973093727768,0.07734960035658744,0.0,-0.20474592360127766,-0.4929550372754186,6.184407234091818,-0.10975893992175056,-0.01489431721695673,0.0,433.2860742400586,432.499817167516,429.89873681572277,431.1366536184277
4.259999999999997,0.6803409969713937,0.3628370683288422,26.17082243977751,6.1562533593603455,0.07631528268751975,0.0,-0.254442339996847,-0.5715084487903095,6.233626149098317,-0.11688808606600516,-0.022395906746601343,0.0,458.34066896234924,457.74404681040045,459.3045992731456,458.72800004305253
4.319999999999996,0.6637441454976579,0.3263157669195982,26.54446959322145,6.149424997735352,0.07460727183404181,0.0,-0.2986540615584817,-0.6464574257546276,6.221214926671168,-0.10826662606043164,-0.04478249189984667,0.0,441.299487656848,439.4469683624941,439.07223703826725,439.7753413774489
4.379999999999995,0.6446273657220859,0.2853595462381417,26.916053615477296,6.143821724661697,0.07193523998405027,0.0,-0.3383724969427054,-0.7192505082857364,6.165105503826364,-0.07363992564940622,-0.044041336831811745,0.0,425.7507836504877,425.8129806295615,424.1163102669754,427.07218789018077
4.439999999999993,0.622991145305275,0.23960104926073225,27.286750188095702,6.139822978482666,0.06940126019539683,0.0,-0.38257913292549134,-0.8063818957769253,6.191190342589152,-0.05542766130743332,-0.03884252184979139,0.0,450.9256376231428,451.3445604076229,451.9310400942707,453.39357757015927
4.499999999999992,0.5988960658520492,0.18884986210200638,27.65689657780984,6.136186727132202,0.06730534033005053,0.0,-0.42042094797398355,-0.8856263755165455,6.147154765137499,-0.07374891465954968,-0.02807813961011804,0.0,428.61644468399527,429.5299232256876,431.3609784668755,429.80779365724146
4.559999999999991,0.5725648354886109,0.13328533360743444,28.02437320988735,6.13263115025905,0.06542003706330224,0.0,-0.4571534589959708,-0.9668636442640127,6.1021901734491815,-0.03986127000705847,-0.03912429321289515,0.0,429.14882605871975,428.2095526227109,428.38664124908155,431.25618925047377
4.6199999999999894,0.5440296078743421,0.07271762323665465,28.38964735571983,6.130780112528683,0.06294736153783642,0.0,-0.49382482707427616,-1.052246982063368,6.073670293457144,-0.017135959528101045,-0.04574978487648786,0.0,435.47504077485553,434.91940195826317,432.59640241613806,434.505751246617
4.679999999999988,0.5131904255980226,0.006642881617409649,28.75552245421703,6.129973405466938,0.060362716165502484,0.0,-0.5338748104766183,-1.1502839639711222,6.121820953188618,-0.00693138434898952,-0.03820812296342666,0.0,457.56889597190883,458.1680336505505,459.066489584299,459.87578607610504
4.739999999999987,0.48014489060341176,-0.06494920719060363,29.121828088641003,6.129622222606333,0.05865659574331161,0.0,-0.5674898739897554,-1.236175008387075,6.088467539903558,-0.003779095994025661,-0.013840707891891903,0.0,432.28693102047777,434.3355168351953,433.3530122714501,433.618065733127
4.799999999999986,0.44504042860811394,-0.14187482651432862,29.487247728007716,6.129120994369451,0.057931565395882956,0.0,-0.6025871033867984,-1.3280377731610884,6.092078890374896,-0.01958535171637941,-0.008783291981247953,0.0,445.10419780552536,445.5181103028451,445.66026629116953,444.36625453679477
4.859999999999984,0.4079165630317294,-0.2241265244276352,29.851596034611177,6.12807405315327,0.05778884675918139,0.0,-0.6348603677175824,-1.4138087675559514,6.052974737836377,-0.013486574016599025,0.008065612684418265,0.0,430.4590752714607,431.88290403756366,431.66682044438426,432.1813480010399
4.919999999999983,0.36890145908628946,-0.31142015306070264,30.21280587404349,6.126893570340306,0.05830240248790375,0.0,-0.6657013012760337,-1.4961102468203293,5.987601461595454,-0.03644001959092242,0.009528736651946807,0.0,422.0749507065173,422.2011198792852,423.95982735946,421.9825111181622
4.979999999999982,0.32784517647646483,-0.4041573834458406,30.5731335844244,6.12572695554049,0.05986421398112185,0.0,-0.7029386064685803,-1.5952464301893,6.023001792545824,0.002141755169907153,0.047202791067701415,0.0,453.7823027747983,456.79727013912884,452.6485776591931,455.7433441374392
5.0399999999999805,0.2846102760699269,-0.5026224765753815,30.93407140028727,6.125699245336138,0.06261230086302838,0.0,-0.7384665298700461,-1.686938197194142,6.0082256578224245,-0.00625734921091234,0.04284114141670697,0.0,439.1446661411548,438.7838922615031,440.23484480617464,439.53917620377905
